 2.07140451330414E-0001
 3.19692376782306E-0001
 3.09026608285618E-0001
 1.20261217768796E-0001
-1.89008644886045E-0001
-4.75618427454062E-0001
-5.03312001796340E-0001
-3.11683694472512E-0001
-1.29635866921148E-0001
 1.89738407993713E-0002
 1.16518842857677E-0001
 1.18240335316792E-0001
 1.40900415403615E-0001
 2.51113356536058E-0001
 3.13742000673627E-0001
 2.22315781595000E-0001
-5.93166423412297E-0003
-3.46656188016916E-0001
-5.41222259645971E-0001
-3.36439504509562E-0001
 6.21982710227911E-0002
 2.52236069009393E-0001
 1.78099622020134E-0001
 1.03289547546873E-0002
-1.37906515474720E-0001
-2.18012050447214E-0001
-1.64458665469107E-0001
 3.21657123610643E-0002
 1.49096216458965E-0001
 5.26926387485498E-0002
-9.62351708394147E-0002
-1.95688784102391E-0001
-2.29669548295348E-0001
-4.88005688409865E-0002
 1.93667901650387E-0001
 1.57142322517870E-0001
-1.11167246734778E-0001
-3.47741476741140E-0001
-4.68114965757270E-0001
-2.92279480558362E-0001
 1.18521013435126E-0001
 3.98731334905131E-0001
 4.24478874293627E-0001
 2.80640694584784E-0001
 2.13502488679316E-0002
-2.05156992627521E-0001
-1.84162269376146E-0001
-3.20908648628420E-0002
-7.98435687287152E-0002
-2.43722166086599E-0001
-2.68814789865649E-0001
-2.58392275738183E-0001
-1.42940009730175E-0001
 1.31076681261929E-0001
 3.08633658919951E-0001
 2.30287040155683E-0001
 1.41648890385839E-0001
 1.31918715616931E-0001
 1.18932674675349E-0001
 1.34201564312713E-0001
 4.99232813143221E-0002
-2.39549418060701E-0001
-4.36286067138206E-0001
-4.13981512667939E-0001
-2.70966655439542E-0001
 8.82077766550653E-0002
 4.68601474495715E-0001
 4.31982335990420E-0001
 8.10224168257176E-0002
-1.51828150144081E-0001
-2.62565023764081E-0001
-3.04180232775719E-0001
-9.32038471614086E-0002
 1.50406047677856E-0001
 1.36035328019161E-0002
-2.39044197447700E-0001
-2.12772725571648E-0001
 7.85898731334905E-0004
 2.10789266868755E-0001
 4.53145466112795E-0001
 5.45376295797313E-0001
 2.86591070693462E-0001
-6.20111522772351E-0002
-2.54369222708731E-0001
-3.54739717824932E-0001
-3.01579282212492E-0001
-4.62370420268703E-0002
 4.99794169379888E-0002
-1.65880767935332E-0001
-2.60413158190187E-0001
-5.04472138018787E-0002
 1.57553983758093E-0001
 4.20549380636952E-0001
 7.07701807567082E-0001
 5.39294936566745E-0001
 7.11051233112533E-0003
-3.42576999363796E-0001
-5.36226189139628E-0001
-6.49676284570188E-0001
-4.44032783204221E-0001
-1.49227199580854E-0001
-1.43669772837843E-0001
-1.12944874817559E-0001
 1.57535271883537E-0001
 4.61734216533812E-0001
 7.77235133415666E-0001
 1.00000000000000E+0000
 7.29052056435014E-0001
 3.24276786048426E-0002
-4.69125406983272E-0001
-7.07814078814416E-0001
-8.57602634631937E-0001
-6.29411324426481E-0001
-1.90580442348714E-0001
-5.36656562254407E-0002
-1.17360877212679E-0001
 2.19490288537106E-0002
 1.53643201975974E-0001
 1.55402118184200E-0001
 3.18831630552749E-0001
 5.01684068710003E-0001
 3.12694135698514E-0001
 5.08027394184349E-0002
-1.40750720407170E-0001
-4.43452715092998E-0001
-5.50896298791213E-0001
-2.35152127540137E-0001
 2.18554694809326E-0002
 7.77852625276000E-0002
 3.03300774671607E-0001
 3.95662587478014E-0001
 1.08865686164440E-0001
-3.63197485124060E-0002
 5.78384042513379E-0002
-1.42023127876951E-0002
-6.99262752142510E-0002
-1.05722091239100E-0002
-1.66554395419333E-0001
-4.06609034093035E-0001
-4.31252572882751E-0001
-3.28094008457767E-0001
-1.28775120691591E-0001
 1.70240634706785E-0001
 3.58519516485161E-0001
 3.42408592492796E-0001
 2.85749036338460E-0001
 3.00886942853935E-0001
 3.09756371393286E-0001
 3.31555705250552E-0001
 4.14056360166161E-0001
 3.08259421428839E-0001
-7.96003143594925E-0002
-4.88866434639422E-0001
-7.27367987725010E-0001
-6.85453388720482E-0001
-3.66097825680177E-0001
 1.51060963287302E-0001
 5.61056846674900E-0001
 6.09632873021219E-0001
 4.10183002133154E-0001
 9.39336102690768E-0002
-2.20425882264885E-0001
-2.65296957449197E-0001
-1.50256352681412E-0002
 1.79633995733693E-0001
 5.36469443508851E-0002
-2.01583024587403E-0001
-3.63945960106283E-0001
-3.43606152464354E-0001
 5.77448448785599E-0002
 6.53736761348752E-0001
 7.52404475880394E-0001
 3.74817559223083E-0001
 2.82549305789454E-0002
-2.78619812132779E-0001
-5.28498184948168E-0001
-3.27644923468433E-0001
 5.40773174656637E-0002
-5.32539949852176E-0002
-4.65906964559710E-0001
-6.68724972867782E-0001
-6.05909209984656E-0001
-2.43104674226264E-0001
 4.54230754837020E-0001
 9.55147636690244E-0001
 8.04348639646720E-0001
 2.75906590322218E-0001
-2.25683919015007E-0001
-4.50114142434789E-0001
-2.61348751917967E-0001
 1.11260806107556E-0001
 1.43894315332510E-0001
-2.41383181767149E-0001
-5.52112570637326E-0001
-4.85292466599304E-0001
-1.01044122600202E-0001
 4.53893941095019E-0001
 8.45065678679690E-0001
 7.88911343138356E-0001
 3.36140114516672E-0001
-1.34089293065379E-0001
-3.06238538976835E-0001
-1.78286740765690E-0001
 7.37996332472587E-0002
 1.42771602859174E-0001
-1.10867856741888E-0001
-4.87126230305752E-0001
-6.66966056659556E-0001
-4.47775158115340E-0001
 8.24819430410539E-0002
 6.35417836158826E-0001
 9.21129448748176E-0001
 7.75569776580218E-0001
 3.08352980801617E-0001
-7.31447176378130E-0002
-2.03079974551851E-0001
-2.68216009879870E-0001
-2.97032296695483E-0001
-3.20553123011863E-0001
-3.87934583286554E-0001
-3.04816436510610E-0001
-8.85258785225104E-0002
 1.17884809700236E-0001
 3.43437745593354E-0001
 4.64241607724262E-0001
 2.22147374724000E-0001
-1.59013509973429E-0001
-2.85954866958572E-0001
-2.17581677332435E-0001
-7.96003143594925E-0002
 7.02256652071405E-0002
 1.43482654092287E-0001
 2.03959432655963E-0002
-2.18086897945436E-0001
-3.65106096328730E-0001
-3.51352868530369E-0001
-2.40372740541147E-0001
-6.69136634108005E-0002
 8.28748924067213E-0002
 7.74858725347105E-0002
-4.01743946708581E-0002
-5.44702668313312E-0002
 1.13113281688560E-0001
 2.40728266157704E-0001
 2.91381310579694E-0001
 1.99412447138954E-0001
-5.60607761685566E-0002
-2.87601511919464E-0001
-3.00269450993601E-0001
-1.53306388233973E-0001
-2.81239474570562E-0002
 5.63788780360016E-0002
 9.73765951873059E-0002
 4.89502638374312E-0002
 3.20347292391752E-0002
 1.13244264810449E-0001
 1.59724561206542E-0001
 9.40084577672991E-0002
-6.45746790913514E-0002
-2.47127727255716E-0001
-3.54309344710153E-0001
-2.69600688596984E-0001
-5.14015194042139E-0002
 1.11728602971446E-0001
 2.32682160098799E-0001
 2.81763407058119E-0001
 1.55214999438644E-0001
 8.57565210882826E-0002
 1.86613524942929E-0001
 1.26380000748475E-0001
-9.83309007896411E-0002
-2.45424946671158E-0001
-3.15500916881853E-0001
-2.60057632573631E-0001
 2.99202874143932E-0002
 2.46528947269938E-0001
 1.87736237416264E-0001
 1.03401818794207E-0001
 7.48849219714831E-0002
-2.49055050334943E-0002
-6.56412559410202E-0002
-4.59002282848696E-0002
-1.48067063358407E-0001
-2.38407993712810E-0001
-8.03862130908274E-0002
 1.08266906178661E-0001
 2.07757943190749E-0001
 3.50959919164702E-0001
 2.90520564350137E-0001
-1.06320871224879E-0001
-2.74559335354216E-0001
-8.33052655214999E-0002
-3.93510721904120E-0002
-1.27296882601699E-0001
-1.37307735488941E-0001
-3.05621047116500E-0001
-5.25616556266607E-0001
-3.13517458178960E-0001
 9.82373414168631E-0002
 2.65596347442087E-0001
 3.98300961790352E-0001
 5.15699262752143E-0001
 3.40481269413570E-0001
 1.29841697541260E-0001
 1.77276299539688E-0001
 2.56128138916957E-0001
 1.30665020021706E-0001
-1.26061898881030E-0001
-3.90741364469893E-0001
-5.76550278806931E-0001
-5.01403390591669E-0001
-2.26207851502564E-0001
 4.77714157404289E-0002
 2.48025897234385E-0001
 2.78732083380113E-0001
 1.67302870401557E-0001
 7.21342764118109E-0002
 9.53931364844130E-0002
 1.81374200067363E-0001
 2.26675648366453E-0001
 1.53643201975974E-0001
-9.09958459638487E-0002
-3.67145690655290E-0001
-5.29209236181281E-0001
-5.68710003368137E-0001
-4.35069795292092E-0001
-1.78062198271023E-0001
 1.01287376969425E-0001
 3.42520863740129E-0001
 4.21765652483066E-0001
 3.28898619063658E-0001
 1.89626136746379E-0001
 1.19494030912017E-0001
-1.02728191310205E-0002
-1.36746379252273E-0001
-2.53003255866173E-0001
-4.25807417387074E-0001
-4.91804198944650E-0001
-3.93435874405898E-0001
-1.62531342389881E-0001
 2.02518618315183E-0001
 5.16896822723700E-0001
 5.39351072190412E-0001
 3.36738894502451E-0001
 8.93117772538453E-0002
-1.08753414917106E-0001
-1.38804685453389E-0001
-5.20377231391041E-0002
 7.48474982223719E-0005
-1.22656337711912E-0001
-4.12091613337824E-0001
-5.04958646757232E-0001
-3.18625799932637E-0001
-1.10849144867333E-0001
 6.73066127764679E-0002
 2.45668201040380E-0001
 3.10766812619288E-0001
 3.04779012761498E-0001
 3.97215673066128E-0001
 4.71950900041166E-0001
 3.51521275401370E-0001
 1.27465289472699E-0001
-6.92713596048052E-0002
-2.56221698289735E-0001
-3.20197597395307E-0001
-2.34048126941357E-0001
-1.77033045170465E-0001
-1.41349500392949E-0001
-1.99094345271509E-0002
 3.81160884697429E-0002
-4.01556827963025E-0002
-3.26335092249542E-0002
 4.24198196175293E-0002
 5.94102017140077E-0002
 8.20141461771640E-0002
 6.02896598181206E-0002
-1.22282100220800E-0001
-2.30305752030238E-0001
-1.24153287676359E-0001
-3.30451704651772E-0002
 2.35769619400472E-0003
 8.34175367688335E-0002
 7.00946820852513E-0002
 4.80895176078740E-0003
-4.35986677145316E-0003
 3.26335092249542E-0002
 2.96021855469481E-0002
 1.09576737397552E-0001
 2.24261816548782E-0001
 1.60323341192321E-0001
 1.87118745555930E-0005
-1.01474495714981E-0001
-1.98009056547285E-0001
-1.36185023015606E-0001
 1.01549343213203E-0001
 2.62826990007859E-0001
 2.58205156992628E-0001
 1.63186257999326E-0001
-6.59406459339097E-0002
-3.56105684667490E-0001
-4.06927135960481E-0001
-2.15523371131320E-0001
-2.41196063021594E-0002
 6.34706784925714E-0002
 1.17997080947569E-0001
 8.78522510385090E-0002
-1.12458366079114E-0002
 2.19864526028218E-0002
 1.02803038808428E-0001
 2.90034055611691E-0003
-8.97608622431795E-0002
-6.81112233823584E-0002
-1.54840761947532E-0001
-2.48886643463942E-0001
-1.55795067549867E-0001
-8.74593016728416E-0002
-1.68163616631114E-0001
-1.12589349201003E-0001
 8.49706223569477E-0002
 1.80382470715916E-0001
 2.90932225590360E-0001
 4.35799558399760E-0001
 2.90483140601025E-0001
 7.71303469181543E-0002
 3.36065267018450E-0002
-1.83937726881479E-0002
-1.80943826952584E-0001
-2.69245162980427E-0001
-2.68758654241982E-0001
-3.33277197709667E-0001
-3.68549081246959E-0001
-1.97634819056173E-0001
 2.91718124321695E-0002
 1.64308970472662E-0001
 3.02178062198271E-0001
 3.85894988959994E-0001
 2.36555518131806E-0001
 8.22386886718311E-0002
 1.30496613150705E-0001
 5.10272819131021E-0002
-2.17132592343101E-0001
-3.09325998278508E-0001
-3.72272744283522E-0001
-5.67568579020246E-0001
-5.16522585232589E-0001
-1.24845627034916E-0001
 1.96624377830171E-0001
 3.53766700348041E-0001
 4.98821151902998E-0001
 4.81306837318963E-0001
 2.92017514314584E-0001
 2.47763930990607E-0001
 2.28284869578234E-0001
-2.13128251188204E-0002
-2.46454099771715E-0001
-3.88477227648666E-0001
-6.54765914449310E-0001
-8.73713558624303E-0001
-6.95052580367501E-0001
-2.84570188241458E-0001
 1.46551401519404E-0001
 6.04711650013098E-0001
 8.27626211593877E-0001
 7.33580330077467E-0001
 5.77672991280266E-0001
 3.69709217469406E-0001
 8.88252685153999E-0002
-1.56580966281202E-0001
-3.21582276112421E-0001
-4.35107219041204E-0001
-3.82190037797987E-0001
-1.52146252011527E-0001
 7.17226151715879E-0002
 2.21529882863665E-0001
 2.96770330451705E-0001
 2.72594588525879E-0001
 2.28041615209012E-0001
 2.56427528909846E-0001
 2.06616518842858E-0001
-2.68141162381647E-0002
-2.61311328168856E-0001
-3.78934171625313E-0001
-3.75247932337862E-0001
-1.62812020508215E-0001
 1.40544889787059E-0001
 2.54369222708731E-0001
 1.47131469630628E-0001
 4.81643651060963E-0002
-1.66535683544778E-0003
-2.76748624677220E-0002
 3.81722240934097E-0003
 4.95490438232102E-0002
 7.12173945585869E-0002
 2.09011638785974E-0002
-1.10474907376221E-0001
-1.85827626211594E-0001
-1.48684555218742E-0001
-1.43145840350286E-0001
-9.67778152015269E-0002
 1.25743797013585E-0002
-5.53684368099996E-0002
-1.26417424497586E-0001
 4.27566333595300E-0002
 2.35039856292803E-0001
 2.04651772014520E-0001
 1.83694472512256E-0001
 2.12791437446203E-0001
 6.74001721492459E-0002
-1.38729837955166E-0001
-1.59294188091763E-0001
-2.12304928707758E-0001
-2.81950525803675E-0001
-1.19344335915572E-0001
 4.59189401594252E-0002
-7.71303469181543E-0002
-1.34313835560046E-0001
 7.93944837393810E-0002
 2.12492047453314E-0001
 2.29800531417237E-0001
 2.71733842296321E-0001
 2.17544253583324E-0001
-3.53093072864040E-0002
-2.57868343250627E-0001
-2.21099509748887E-0001
-1.45204146551402E-0002
 1.80120504472138E-0001
 2.42655589236930E-0001
 6.19363047790128E-0002
-2.53096815238951E-0001
-4.04382321020920E-0001
-3.43886830582688E-0001
-1.13019722315782E-0001
 1.19868268403129E-0001
 2.90202462482692E-0001
 2.81276898319674E-0001
 6.62961715504659E-0002
-5.78571161258935E-0002
 6.33771191197934E-0002
 1.73515212754014E-0001
 1.50574454548857E-0001
 1.11260806107556E-0001
-1.66161446053666E-0002
-3.29983907787882E-0001
-5.41053852774971E-0001
-4.34901388421092E-0001
-2.34366228808802E-0001
-5.34036899816624E-0002
 1.51079675161858E-0001
 1.85677931215149E-0001
 3.72179184910744E-0002
-2.99951349126155E-0002
 1.24171999550915E-0001
 3.48789341716253E-0001
 5.30650050522061E-0001
 4.78649751132068E-0001
 7.18348864189214E-0002
-4.37670745855320E-0001
-6.51453912652970E-0001
-4.93731522023876E-0001
-1.86875491186707E-0001
 8.97795741177351E-0002
 1.85790202462483E-0001
 5.65098611578908E-0002
-3.22966954829535E-0002
 3.67688335017402E-0002
 1.88391153025710E-0001
 3.52120055387149E-0001
 4.19782193780173E-0001
 2.16140862991655E-0001
-2.21960255978444E-0001
-5.40717039032970E-0001
-4.87070094682085E-0001
-1.22188540848022E-0001
 2.82624153287676E-0001
 4.71632798173721E-0001
 3.76894577298754E-0001
 6.26473560121253E-0002
-1.63897309232439E-0001
-1.16949215972456E-0001
 1.09015381160885E-0001
 3.29179297181992E-0001
 4.23599416189514E-0001
 2.37753078103364E-0001
-1.20261217768796E-0001
-2.91886531192695E-0001
-2.21511170989110E-0001
-6.48740690842409E-0002
 8.83761835260656E-0002
 1.36577972381273E-0001
-7.90202462482692E-0002
-3.47217544253583E-0001
-3.65667452565398E-0001
-2.74316080984993E-0001
-8.37917742599454E-0002
 1.93069121664608E-0001
 3.11197185734067E-0001
 1.99019497773287E-0001
 1.30646308147150E-0001
 1.42996145353842E-0001
 1.00407918865312E-0001
 9.02847947307361E-0002
 7.01508177089181E-0002
-1.45671943415291E-0001
-4.06216084727368E-0001
-3.87448074548108E-0001
-2.83073238277011E-0001
-2.29819243291793E-0001
-8.32491298978332E-0002
 1.40993974776393E-0001
 1.47786385240073E-0001
 8.25755024138318E-0002
 2.41458029265372E-0001
 3.58687923356162E-0001
 2.40035926799147E-0001
 1.52557913251750E-0001
-5.24868081284383E-0002
-4.83907787882190E-0001
-6.96119157217170E-0001
-5.80086823097938E-0001
-3.96729164327682E-0001
-1.43501365966843E-0001
 2.26787919613787E-0001
 3.68867183114404E-0001
 2.82437034542120E-0001
 2.64847872459863E-0001
 1.96867632199394E-0001
 2.00217057744845E-0002
-2.07888926312638E-0002
-7.42674301111485E-0002
-3.07211556453726E-0001
-3.62954230754837E-0001
-2.30979379514240E-0001
-1.96830208450283E-0001
-6.07948804311216E-0002
 2.87189850679241E-0001
 4.33179895961977E-0001
 1.88727966767711E-0001
-3.96504621833015E-0002
-1.29766850043037E-0001
-1.76097451442686E-0001
-2.71322181056098E-0002
 2.25889749635118E-0001
 2.25141274652895E-0001
 3.10617117622843E-0003
-8.23883836682759E-0002
-6.88596983645822E-0002
-6.24602372665694E-0002
 1.45952621533625E-0001
 3.78391527263201E-0001
 2.80940084577673E-0001
 4.64054488978706E-0002
 1.11522772351334E-0002
 6.32274241233487E-0002
 1.35137158040492E-0001
 3.03282062797051E-0001
 3.12638000074847E-0001
-1.53437371355862E-0003
-2.70461434826541E-0001
-3.12750271322181E-0001
-2.53471052730062E-0001
-1.03888327532652E-0001
 1.25856068260918E-0001
 1.37232887990719E-0001
-7.18723101680326E-0002
-1.49863403315744E-0001
-1.08454024924217E-0001
-1.09389618651997E-0001
-3.86961565809663E-0002
 1.05123311253321E-0001
 5.28049099958834E-0002
-1.45540960293402E-0001
-9.35593727779649E-0002
 1.57460424385315E-0001
 2.74091538490326E-0001
 2.41663859885483E-0001
 7.63631600613749E-0002
-1.81841996931253E-0001
-2.93495752404476E-0001
-1.33378241832267E-0001
 1.80157928221249E-0001
 3.85951124583661E-0001
 3.90254855731447E-0001
 2.86965308184574E-0001
 1.07555854945548E-0001
 3.46918154260694E-0002
 1.11466636727667E-0001
 1.36334718012050E-0001
 5.67156917780023E-0002
-1.03570225665207E-0001
-2.94712024250589E-0001
-4.63268590247371E-0001
-4.52920923618128E-0001
-2.41981961752928E-0001
 1.78137045769245E-0002
 1.90037797986602E-0001
 2.70180756708207E-0001
 2.15392388009431E-0001
 1.30122375659594E-0001
 1.61483477414767E-0001
 2.47951049736163E-0001
 2.51431458403503E-0001
 1.64533512967329E-0001
-1.15190299764230E-0001
-4.40851764529771E-0001
-4.84356872871524E-0001
-2.51169492159725E-0001
 1.00295647617978E-0002
 1.98121327794618E-0001
 2.96789042326260E-0001
 1.92264511058718E-0001
-5.88675573518955E-0002
-1.69697990344673E-0001
-1.14048875416339E-0001
 3.34942554545114E-0002
 2.41813554881928E-0001
 3.75809288574529E-0001
 1.79128775120692E-0001
-7.46978032259272E-0002
-1.61034392425433E-0001
-3.11945660716291E-0001
-4.38194678342876E-0001
-2.62677295011414E-0001
-1.46775944014071E-0001
-2.77590659032222E-0001
-1.85359829347704E-0001
 1.14947045395008E-0001
 3.17652782455746E-0001
 4.30840911642528E-0001
 4.71408255679054E-0001
 2.35376670034804E-0001
-1.51023539538191E-0001
-2.92298192432918E-0001
-2.25964597133341E-0001
-2.22577747838778E-0001
-1.29542307548370E-0001
 6.81112233823584E-0003
-4.30560233524194E-0002
-5.52374536881105E-0002
 1.42921297855619E-0001
 3.35036113917892E-0001
 4.32674675348976E-0001
 4.67927847011714E-0001
 3.13798136297294E-0001
-2.32401481980465E-0002
-2.24355375921560E-0001
-2.45986302907825E-0001
-2.93869989895588E-0001
-4.17630328206280E-0001
-5.22210995097489E-0001
-5.74622955727705E-0001
-4.49477938699899E-0001
-3.70495116200741E-0003
 5.56191759290446E-0001
 8.41080049399349E-0001
 7.49279592829610E-0001
 4.54399161708020E-0001
 9.89483926499757E-0002
-1.25107593278695E-0001
-1.58695408105984E-0001
-1.58265034991205E-0001
-2.58055461996183E-0001
-4.45567156917780E-0001
-7.17600389206991E-0001
-8.28898619063658E-0001
-4.85872534710527E-0001
 1.78885520751469E-0002
 3.90123872609558E-0001
 7.02387635193294E-0001
 7.80079338348116E-0001
 4.30485386025972E-0001
 9.16133378241832E-0002
 6.09258635530107E-0002
-1.41648890385839E-0002
-2.01171363347180E-0001
-2.78825642752891E-0001
-3.88570787021444E-0001
-5.96384865835859E-0001
-4.80726769207739E-0001
-4.91748063320983E-0002
 2.88668088769133E-0001
 5.75146888215261E-0001
 6.91141798585382E-0001
 2.52086374012949E-0001
-2.92896972418697E-0001
-2.89641106246024E-0001
-6.18427454062348E-0002
-4.25133789903072E-0002
-3.40556116911792E-0003
-7.55398375809289E-0002
-3.47161408629917E-0001
-2.28322293327346E-0001
 3.00063620373489E-0001
 5.89386624752068E-0001
 5.50484637550990E-0001
 3.15781595000187E-0001
-2.22895849706224E-0001
-7.51281763407058E-0001
-7.17488117959657E-0001
-2.64230380599528E-0001
 1.39178922944501E-0001
 3.76707458553198E-0001
 5.03723663036563E-0001
 2.83017102653344E-0001
-5.21312825118820E-0002
-5.09898581639909E-0002
 1.55645372553422E-0001
 2.70891807941320E-0001
 3.17241121215523E-0001
 2.19639983533550E-0001
-6.77369858912466E-0002
-2.60899666928633E-0001
-2.20201339770218E-0001
-1.69323752853561E-0001
-1.64028292354328E-0001
-6.43688484712398E-0002
-1.69155345982561E-0002
 1.13206841061338E-0002
 2.22989409079002E-0001
 3.95138654990457E-0001
 2.19247034167883E-0001
 3.16979154971745E-0002
-1.02353953819094E-0002
-1.45091875304068E-0001
-2.06391976348191E-0001
-9.03970659780697E-0002
-1.05497548744433E-0001
-1.99711837131844E-0001
-6.28718985067924E-0002
 9.29418809176303E-0002
 7.94693312376034E-0002
 2.47389693499495E-0001
 5.06754986714569E-0001
 4.03521574791363E-0001
 1.34557089929269E-0001
-1.01792597582426E-0002
-3.14789865648741E-0001
-6.57535271883537E-0001
-5.84240859249280E-0001
-3.12600576325736E-0001
-2.09984656262864E-0001
-7.39119044945923E-0002
 1.66610531043000E-0001
 2.01246210845402E-0001
 1.26286441375697E-0001
 2.56240410164290E-0001
 4.18004565697392E-0001
 2.74840013472550E-0001
 6.07948804311216E-0002
-4.26069383630852E-0002
-2.11706148721979E-0001
-3.82470715916320E-0001
-4.43434003218442E-0001
-3.69203996856405E-0001
-2.61161633172411E-0001
-1.51678455147637E-0001
-3.42053066876240E-0002
 8.71411998053965E-0002
 1.35960480520939E-0001
 2.01657872085626E-0001
 2.89659818120579E-0001
 3.75210508588750E-0001
 4.68919576363160E-0001
 4.12802664570937E-0001
 5.70899292691142E-0002
-3.09718947644175E-0001
-4.61098012798922E-0001
-4.55746416676023E-0001
-3.15107967516186E-0001
-9.18940159425171E-0002
 7.29763107668126E-0002
 1.73590060252236E-0001
 2.92616294300363E-0001
 3.77006848546087E-0001
 3.21806818607088E-0001
 1.68201040380225E-0001
-3.92949365667453E-0004
-8.89001160136222E-0002
-4.07731746566371E-0002
 6.99636989633621E-0002
 5.18131806444370E-0002
-1.20878709629131E-0001
-2.35507653156693E-0001
-1.47374723999850E-0001
-6.34332547434602E-0003
 1.16331724112122E-0001
 1.98589124658508E-0001
 1.70053515961229E-0001
 7.56521088282624E-0002
 4.21765652483066E-0002
 1.34295123685491E-0001
 2.25403240896673E-0001
 1.70596160323341E-0001
 1.06938363085214E-0001
 1.73833314621459E-0002
-1.09352194902885E-0001
-9.43265596347442E-0002
 6.69323752853561E-0002
 1.93480782904831E-0002
-2.42524606115041E-0001
-3.64806706335841E-0001
-2.73212080386213E-0001
-8.05359080872722E-0002
 1.78230605142023E-0001
 3.10504846375510E-0001
 1.10119381759665E-0001
-1.65862056060776E-0001
-9.72456120654167E-0002
 2.18928932300438E-0001
 3.63384603869616E-0001
 3.17746341828524E-0001
 1.51154522660080E-0001
-1.48254182103963E-0001
-3.54178361588264E-0001
-3.15388645634520E-0001
-1.76733655177576E-0001
 3.69185284981849E-0002
 2.83129373900677E-0001
 3.56667040904158E-0001
 2.06560383219191E-0001
 6.52857303244639E-0002
 2.73567606002769E-0002
-4.95864675723214E-0002
-1.24153287676359E-0001
-8.65049960705063E-0002
-8.90123872609558E-0002
-9.23618128064069E-0002
 5.81003704951162E-0002
 1.10063246135998E-0001
 2.49429287826054E-0002
 3.30825942142884E-0002
 4.31121589760862E-0002
-1.44174993450844E-0001
-2.79836083978893E-0001
-2.14045133041428E-0001
-1.81130945698140E-0001
-1.61801579282212E-0001
 6.01025410725646E-0002
 1.89981662362936E-0001
 1.26548407619475E-0001
 1.50836420792635E-0001
 2.59833090078964E-0001
 3.33164926462333E-0001
 2.86067138205905E-0001
 6.70446465326896E-0002
-3.70663523071741E-0001
-8.24127091051982E-0001
-8.42333744994574E-0001
-4.14243478911717E-0001
 5.86804386063396E-0002
 3.82264885296209E-0001
 5.45918940159425E-0001
 4.30560233524194E-0001
 2.27049885857565E-0001
 1.94771902249167E-0001
 2.29314022678792E-0001
 1.61782867407657E-0001
 7.41364469892594E-0002
-6.93649189775832E-0002
-3.19168444294749E-0001
-4.07900153437371E-0001
-2.40092062422814E-0001
-7.87395681299353E-0002
 8.16773324351634E-0002
 2.91025784963138E-0001
 3.68736199992515E-0001
 2.54406646457842E-0001
 1.42434789117174E-0001
 1.33134987463044E-0001
 5.01104000598780E-0002
-6.37139328617941E-0002
-1.62737173009992E-0001
-2.27274428352232E-0001
-2.13745743048539E-0001
-4.72849070019835E-0002
 1.64832902960219E-0001
 2.42954979229819E-0001
 1.67022192283223E-0001
-7.37247857490363E-0003
-2.42056809251151E-0001
-3.56816735900603E-0001
-2.13876726170428E-0001
 7.85898731334905E-0002
 2.54518917705176E-0001
 1.78885520751469E-0001
-8.50828936042813E-0002
-2.90707683095693E-0001
-1.80139216346694E-0001
 1.65674937315220E-0001
 4.84749822237192E-0001
 5.29190524306725E-0001
 2.87751206915909E-0001
-1.44399535945511E-0001
-5.83585943639834E-0001
-7.65596347442087E-0001
-5.58848845477340E-0001
-1.06676396841436E-0001
 2.42861419857041E-0001
 3.04386063395831E-0001
 1.92900714793608E-0001
 1.34987463044048E-0001
 1.78043486396467E-0001
 3.55488192807155E-0001
 5.01309831218892E-0001
 3.23434751693425E-0001
-1.34051869316268E-0001
-4.85217619101082E-0001
-5.24082182553048E-0001
-4.68957000112271E-0001
-3.90947195090004E-0001
-1.18670708431571E-0001
 1.47917368361963E-0001
 1.38505295460499E-0001
 1.35174581789604E-0001
 2.36443246884473E-0001
 2.41925826129262E-0001
 2.79873507728004E-0001
 4.16021106994499E-0001
 3.01130197223158E-0001
-5.31604356124397E-0002
-2.23513341566558E-0001
-2.23045544702668E-0001
-2.48306575352719E-0001
-1.65394259196886E-0001
 2.75813030949441E-0002
 1.14497960405673E-0001
 5.82687773661165E-0002
 2.11444182478201E-0002
-3.20721529882864E-0002
-5.72770480146701E-0002
 1.01193817596647E-0001
 3.73021219265746E-0001
 4.58422214737472E-0001
 2.40709554283148E-0001
-1.18296470940459E-0001
-4.18940159425171E-0001
-5.26589573743498E-0001
-3.09138879532952E-0001
 6.96643089704727E-0002
 1.80737996332473E-0001
 2.39511994311590E-0003
-1.32180681860709E-0001
-9.39710340181879E-0002
 9.94910370120879E-0002
 4.67722016391602E-0001
 6.94977732869279E-0001
 4.14187343288051E-0001
-1.15246435387897E-0001
-5.40193106545414E-0001
-7.17637812956102E-0001
-4.39242543317990E-0001
 1.18745555929793E-0001
 3.26204109127652E-0001
 1.10007110512331E-0001
-1.49526589573743E-0001
-2.45761760413158E-0001
-1.23928745181692E-0001
 2.99539687885932E-0001
 6.69548295348228E-0001
 4.81718498559186E-0001
-7.26020732757008E-0003
-2.56951461397403E-0001
-3.11758541970735E-0001
-2.90557988099248E-0001
-1.34650649302047E-0001
-4.53950076718686E-0002
-2.15373676134875E-0001
-2.92765989296808E-0001
 4.65925676434265E-0003
 3.78690917256091E-0001
 6.17847385951125E-0001
 6.23198982074024E-0001
 2.07533400696082E-0001
-4.00639946109801E-0001
-7.73043673515213E-0001
-7.63669024362861E-0001
-4.45024512555668E-0001
 6.85415964971371E-0002
 3.76146102316530E-0001
 2.66569364918978E-0001
 1.45110587178624E-0001
 2.32438905729576E-0001
 4.37015830245874E-0001
 5.74024175741926E-0001
 5.83810486134501E-0001
 2.09572995022641E-0001
-4.75150630590173E-0001
-8.24950413532428E-0001
-5.83155570525055E-0001
-9.42704240110774E-0002
 3.07361251450170E-0001
 3.93697840649676E-0001
-3.06687623966169E-0002
-5.08644886044684E-0001
-3.52194902885371E-0001
 1.40189364170503E-0001
 5.10516073500243E-0001
 7.30530294524906E-0001
 4.88679315893866E-0001
-2.21866696605666E-0001
-7.01171363347180E-0001
-7.04052992028741E-0001
-5.58231353617005E-0001
-2.97649788555818E-0001
 5.08401631675461E-0002
 6.59406459339097E-0002
-3.96691740578571E-0002
 1.91516036076494E-0001
 5.18038247071592E-0001
 6.75180569589461E-0001
 7.08244451929194E-0001
 4.21821788106733E-0001
-2.23082968451779E-0001
-6.15714232251787E-0001
-4.75768122450507E-0001
-2.08150892556416E-0001
 1.02915310055761E-0003
 1.03813480034430E-0001
-3.77044272295199E-0002
-2.21679577860110E-0001
-2.57288275139403E-0002
 3.52269750383593E-0001
 4.94517420755211E-0001
 4.67123236405823E-0001
 3.70663523071741E-0001
-8.59249279592830E-0002
-5.39145241570301E-0001
-4.85142771602859E-0001
-2.04988585756521E-0001
-9.06028965981812E-0002
-2.56539800157180E-0002
 7.29763107668126E-0003
-8.63553010740616E-0002
 3.98001571797463E-0002
 4.18865311926949E-0001
 4.77919988024400E-0001
 2.33075109464466E-0001
 1.13450095430560E-0001
-3.13049661315071E-0002
-3.05658470865611E-0001
-2.68777366116538E-0001
 1.05909209984656E-0002
-1.40339059166947E-0003
-1.51079675161858E-0001
-7.96377381086037E-0002
-1.77575689532577E-0002
 4.92683657048763E-0002
 3.37842895101231E-0001
 4.94461285131544E-0001
 3.28337262826990E-0001
 1.94902885371056E-0001
 7.72239062909322E-0002
-2.24374087796115E-0001
-4.64559709591707E-0001
-4.56083230418023E-0001
-4.50694210546013E-0001
-4.32581115976198E-0001
-2.66064144305977E-0001
-1.89888102990158E-0001
-1.99393735264399E-0001
-5.16447737734366E-0003
 2.77272557164777E-0001
 3.61494704539501E-0001
 3.43699711837132E-0001
 2.77366116537555E-0001
-4.95490438232102E-0002
-3.93622993151454E-0001
-3.64114366977284E-0001
-1.83900303132368E-0001
-7.56333969537068E-0002
 3.45608323041802E-0002
 1.97971632798174E-0002
-1.43669772837843E-0001
-8.38479098836121E-0002
 2.60675124433966E-0001
 4.45024512555668E-0001
 2.99970061000711E-0001
 4.22139889974178E-0002
-1.74993450843906E-0001
-3.06537928969724E-0001
-2.23008120953557E-0001
-3.88645634519666E-0002
-1.00389206990756E-0001
-2.22278357845889E-0001
-2.20107780397440E-0001
-2.15897608622432E-0001
-7.54462782081509E-0002
 2.95030126118035E-0001
 5.43486396467198E-0001
 4.49852176191011E-0001
 2.64604618090640E-0001
 4.72474832528723E-0002
-2.46996744133827E-0001
-3.81572545937652E-0001
-2.68496687998204E-0001
-1.89401594251712E-0001
-2.48493694098275E-0001
-1.94135698514277E-0001
-5.30294524905505E-0002
 8.29684517794993E-0002
 3.39433404438457E-0001
