1.00000000000000e+00
1.98821497326125e+00
2.96083734027734e+00
3.91415090317973e+00
4.84454479528719e+00
5.74852690562477e+00
6.62273672954856e+00
7.46395759926004e+00
8.26912825080355e+00
9.03535368709911e+00
9.75991529965804e+00
1.04402802148473e+01
1.10741098338964e+01
1.16592675392630e+01
1.21938255434808e+01
1.26760708601803e+01
1.31045103806007e+01
1.34778750425694e+01
1.37951230826106e+01
1.40554423655350e+01
1.42582517895492e+01
1.44032017685848e+01
1.44901737971783e+01
1.45192791068096e+01
1.44908564261235e+01
1.44054688608989e+01
1.42638999129765e+01
1.40671486606073e+01
1.38164241258157e+01
1.35131388573772e+01
1.31589017608859e+01
1.27555102101077e+01
1.23049414763860e+01
1.18093435152690e+01
1.12710251517567e+01
1.06924457076163e+01
1.00762041160728e+01
9.42502757085426e+00
8.74175975803559e+00
8.02934872039471e+00
7.29083440505469e+00
6.52933594603691e+00
5.74803873399225e+00
4.95018132580750e+00
4.13904224700275e+00
3.31792673984419e+00
2.49015350989585e+00
1.65904152332686e+00
8.27896906680324e-01
3.44613226843649e-13
-8.21407386790612e-01
-1.63313446556483e+00
-2.43205366238996e+00
-3.21511246488599e+00
-3.97934488048825e+00
-4.72188246344642e+00
-5.43996487042265e+00
-6.13094990672639e+00
-6.79232302753152e+00
-7.42170626085183e+00
-8.01686652159291e+00
-8.57572328864282e+00
-9.09635561969661e+00
-9.57700848132242e+00
-1.00160983746552e+01
-1.04122182400375e+01
-1.07641416269040e+01
-1.10708261182118e+01
-1.13314160017466e+01
-1.15452441836649e+01
-1.17118333426610e+01
-1.18308963261561e+01
-1.19023357928870e+01
-1.19262431092129e+01
-1.19028965093450e+01
-1.18327585325295e+01
-1.17164727529657e+01
-1.15548598209094e+01
-1.13489128359818e+01
-1.10997920761816e+01
-1.08088191084483e+01
-1.04774703088700e+01
-1.01073698227340e+01
-9.70028199659392e+00
-9.25810331635976e+00
-8.78285388709739e+00
-8.27666849175575e+00
-7.74178726740826e+00
-7.18054603880251e+00
-6.59536635005290e+00
-5.98874523618175e+00
-5.36324477691462e+00
-4.72148147566197e+00
-4.06611550697313e+00
-3.39983987592811e+00
-2.72536953293947e+00
-2.04543048727210e+00
-1.36274896225383e+00
-6.80040634648832e-01
-5.16697795660548e-13
6.74710095074230e-01
1.34146871363762e+00
1.99770684335887e+00
2.64091712802080e+00
3.26866327942159e+00
3.87858913503334e+00
4.46842732844825e+00
5.03600754143016e+00
5.57926430828449e+00
6.09624434525617e+00
6.58511337975334e+00
7.04416245636626e+00
7.47181369889605e+00
7.86662550991771e+00
8.22729719176650e+00
8.55267297524620e+00
8.84174544480285e+00
9.09365835137733e+00
9.30770880663581e+00
9.48334885476757e+00
9.62018642052628e+00
9.71798563466252e+00
9.77666654034372e+00
9.79630418657222e+00
9.77712711698429e+00
9.71951526473342e+00
9.62399726642104e+00
9.49124721022899e+00
9.32208083552219e+00
9.11745120321932e+00
8.87844385816672e+00
8.60627150658882e+00
8.30226823342176e+00
7.96788328595766e+00
7.60467445173186e+00
7.21430105996758e+00
6.79851663714827e+00
6.35916124841346e+00
5.89815355746508e+00
5.41748263852612e+00
4.91919957460902e+00
4.40540887692587e+00
3.87825976070560e+00
3.33993731297318e+00
2.79265358799400e+00
2.23863866609171e+00
1.68013171141294e+00
1.11937206393722e+00
5.58590400618772e-01
6.36601882320065e-13
-5.54211856036189e-01
-1.10189231053069e+00
-1.64093115777761e+00
-2.16926883685884e+00
-2.68490416264904e+00
-3.18590176584333e+00
-3.67039921492578e+00
-4.13661379446551e+00
-4.58284891568383e+00
-5.00750013687584e+00
-5.40906077298518e+00
-5.78612707541461e+00
-6.13740296499892e+00
-6.46170430296444e+00
-6.75796268664136e+00
-7.02522875867449e+00
-7.26267502048624e+00
-7.46959814277451e+00
-7.64542076786980e+00
-7.78969280082156e+00
-7.90209218812627e+00
-7.98242518504014e+00
-8.03062611443028e+00
-8.04675662210157e+00
-8.03100443548506e+00
-7.98368163447950e+00
-7.90522244509424e+00
-7.79618056834119e+00
-7.65722605856039e+00
-7.48914176703051e+00
-7.29281936830702e+00
-7.06925498824069e+00
-6.81954445405265e+00
-6.54487818817394e+00
-6.24653576879315e+00
-5.92588018119134e+00
-5.58435178497496e+00
-5.22346202324178e+00
-4.84478690052935e+00
-4.44996025709730e+00
-4.04066686768296e+00
-3.61863539334155e+00
-3.18563121533789e+00
-2.74344918029511e+00
-2.29390628592674e+00
-1.83883433668378e+00
-1.38007259853652e+00
-9.19460481885671e-01
-4.58830281258982e-01
-7.24642568172840e-13
4.55233712395052e-01
9.05102483317868e-01
1.34787297421377e+00
1.78185344653108e+00
2.20540011202553e+00
2.61692324405388e+00
3.01489302761159e+00
3.39784512707517e+00
3.76438595188947e+00
4.11319760178639e+00
4.44304247453109e+00
4.75276752065658e+00
5.04130813116270e+00
5.30769164571378e+00
5.55104047046476e+00
5.77057479627139e+00
5.96561490968947e+00
6.13558309083491e+00
6.28000509385317e+00
6.39851120742711e+00
6.49083689442999e+00
6.55682301149811e+00
6.59641561094937e+00
6.60966532910327e+00
6.59672636665837e+00
6.55785506834878e+00
6.49340811062611e+00
6.40384030759161e+00
6.28970204682976e+00
6.15163636816361e+00
5.99037569965963e+00
5.80673826644981e+00
5.60162418910825e+00
5.37601128941320e+00
5.13095062234074e+00
4.86756175406883e+00
4.58702780661783e+00
4.29059029051298e+00
3.97954374752302e+00
3.65523022610606e+00
3.31903361267643e+00
2.97237384219412e+00
2.61670101187058e+00
2.25348942198018e+00
1.88423156786662e+00
1.51043210723710e+00
1.13360182674589e+00
7.55251631683464e-01
3.76886582309703e-01
7.98139332403025e-13
-3.73932334077363e-01
-7.43457865599934e-01
-1.10715281747489e+00
-1.46362758315936e+00
-1.81153194284718e+00
-2.14956008333062e+00
-2.47645540326452e+00
-2.79101508655102e+00
-3.09209442761394e+00
-3.37861089343802e+00
-3.64954790840564e+00
-3.90395834916730e+00
-4.14096773802621e+00
-4.35977712459781e+00
-4.55966564681517e+00
-4.73999276368692e+00
-4.90020015356908e+00
-5.03981327308138e+00
-5.15844257317574e+00
-5.25578437024526e+00
-5.33162137153999e+00
-5.38582285552541e+00
-5.41834450917694e+00
-5.42922792554146e+00
-5.41859976621182e+00
-5.38667059464618e+00
-5.33373338751658e+00
-5.26016173248542e+00
-5.16640772198017e+00
-5.05299955366150e+00
-4.92053884935349e+00
-4.76969770522362e+00
-4.60121548696046e+00
-4.41589538459563e+00
-4.21460074245041e+00
-3.99825118045336e+00
-3.76781852377149e+00
-3.52432255832101e+00
-3.26882663027328e+00
-3.00243310814521e+00
-2.72627872646001e+00
-2.44152983028259e+00
-2.14937754017399e+00
-1.85103285726994e+00
-1.54772172827048e+00
-1.24068009013093e+00
-9.31148914168936e-01
-6.20369269150864e-01
-3.09577422691734e-01
-8.03912492131076e-13
3.07150781370980e-01
6.10681782571473e-01
9.09423502580145e-01
1.20223450831794e+00
1.48800571926230e+00
1.76566453079861e+00
2.03417876129971e+00
2.29256040873787e+00
2.53986920349711e+00
2.77521594496225e+00
2.99776561041175e+00
3.20674022573013e+00
3.40142148847765e+00
3.58115313490677e+00
3.74534304359085e+00
3.89346506942803e+00
4.02506060289575e+00
4.13973985055609e+00
4.23718283394344e+00
4.31714010509987e+00
4.37943317815544e+00
4.42395467747610e+00
4.45066820401613e+00
4.45960792261148e+00
4.45087787403013e+00
4.42465101665201e+00
4.38116800367968e+00
4.32073570277866e+00
4.24372546600838e+00
4.15057115882900e+00
4.04176695785087e+00
3.91786492783061e+00
3.77947238920633e+00
3.62724908820301e+00
3.46190418222349e+00
3.28419305387013e+00
3.09491396751379e+00
2.89490458283897e+00
2.68503834024556e+00
2.46622073337631e+00
2.23938548436540e+00
2.00549063766470e+00
1.76551458850161e+00
1.52045206215442e+00
1.27131006029837e+00
1.01910379067814e+00
7.64852596300872e-01
5.09575900218757e-01
2.54289181782827e-01
7.90034704323261e-13
-2.52295920676608e-01
-5.01618527182750e-01
-7.47007182740510e-01
-9.87524305787229e-01
-1.22225888938912e+00
-1.45032988819265e+00
-1.67088946058475e+00
-1.88312605440167e+00
-2.08626732523528e+00
-2.27958287713194e+00
-2.46238681626002e+00
-2.63404010893434e+00
-2.79395273622496e+00
-2.94158563824194e+00
-3.07645244207158e+00
-3.19812096824069e+00
-3.30621451149977e+00
-3.40041289263962e+00
-3.48045327898494e+00
-3.54613077214049e+00
-3.59729876249425e+00
-3.63386905090726e+00
-3.65581173893449e+00
-3.66315488982455e+00
-3.65598396343279e+00
-3.63444102905009e+00
-3.59872376099471e+00
-3.54908422263384e+00
-3.48582744529222e+00
-3.40930980926369e+00
-3.31993723486638e+00
-3.21816319216934e+00
-3.10448653866661e+00
-2.97944919478079e+00
-2.84363366764095e+00
-2.69766043409655e+00
-2.54218519439841e+00
-2.37789600839901e+00
-2.20551032649472e+00
-2.02577192785240e+00
-1.83944777873027e+00
-1.64732482391798e+00
-1.45020672448251e+00
-1.24891055511527e+00
-1.04426347443082e+00
-8.37099381569775e-01
-6.28255572407863e-01
-4.18569408570423e-01
-2.08875012297525e-01
-7.30637772505816e-13
2.07237732900912e-01
4.12033163579033e-01
6.13597217888882e-01
8.11159759409170e-01
1.00397248031506e+00
1.19131168344508e+00
1.37248094543541e+00
1.54681365134398e+00
1.71367539176882e+00
1.87246621407831e+00
2.02262272001260e+00
2.16362000258228e+00
2.29497341587995e+00
2.41624017213009e+00
2.52702076102865e+00
2.62696018716392e+00
2.71574902206135e+00
2.79312426815337e+00
2.85887003273902e+00
2.91281801076290e+00
2.95484777600673e+00
2.98488688104626e+00
3.00291076707788e+00
3.00894248546130e+00
3.00305223355298e+00
2.98535670811788e+00
2.95601828030120e+00
2.91524399681469e+00
2.86328441264170e+00
2.80043226118808e+00
2.72702096840161e+00
2.64342301794669e+00
2.55004817505388e+00
2.44734157716134e+00
2.33578169992778e+00
2.21587820762065e+00
2.08816969726950e+00
1.95322134631972e+00
1.81162247382654e+00
1.66398402549177e+00
1.51093599306531e+00
1.35312477881040e+00
1.19121051586391e+00
1.02586435541293e+00
8.57765731653526e-01
6.87599615499615e-01
5.16053767968461e-01
3.43816004084529e-01
1.71571478017302e-01
6.62692123398756e-13
-1.70226604626558e-01
-3.38447084166602e-01
-5.04013287288246e-01
-6.66292618246206e-01
-8.24670411465572e-01
-9.78552216752100e-01
-1.12736598681042e+00
-1.27056415920298e+00
-1.40762562536074e+00
-1.53805757976036e+00
-1.66139724290952e+00
-1.77721345232970e+00
-1.88510811629261e+00
-1.98471752564866e+00
-2.07571351968299e+00
-2.15780450254216e+00
-2.23073630739147e+00
-2.29429290608623e+00
-2.34829696276711e+00
-2.39261023041837e+00
-2.42713379005475e+00
-2.45180813282681e+00
-2.46661308595186e+00
-2.47156758398706e+00
-2.46672928755951e+00
-2.45219405225398e+00
-2.42809525092853e+00
-2.39460295328161e+00
-2.35192296702733e+00
-2.30029574554764e+00
-2.23999516737896e+00
-2.17132719335471e+00
-2.09462840766211e+00
-2.01026444948102e+00
-1.91862834225188e+00
-1.82013872796878e+00
-1.71523801421029e+00
-1.60439044190488e+00
-1.48808008207772e+00
-1.36680877004118e+00
-1.24109398567228e+00
-1.11146668856484e+00
-9.78469116953780e-01
-8.42652559381832e-01
-7.04575108116462e-01
-5.64799403326114e-01
-4.23890376990710e-01
-2.82413005452092e-01
-1.40930079406164e-01
-6.54587495318992e-13
1.39825390468488e-01
2.78002934972199e-01
4.14000237219251e-01
5.47297678391616e-01
6.77390367645656e-01
8.03790019200741e-01
9.26026749182861e-01
1.04365078576108e+00
1.15623408650746e+00
1.26337185732490e+00
1.36468396771993e+00
1.45981625764780e+00
1.54844173162227e+00
1.63026163626122e+00
1.70500641792941e+00
1.77243655763886e+00
1.83234328087409e+00
1.88454914052128e+00
1.92890847159564e+00
1.96530771697723e+00
1.99366562388088e+00
2.01393331129806e+00
2.02609420915608e+00
2.03016387044004e+00
2.02618965801497e+00
2.01425030836627e+00
1.99445537494474e+00
1.96694455425697e+00
1.93188689827957e+00
1.88947991719666e+00
1.83994857686115e+00
1.78354419576166e+00
1.72054324663587e+00
1.65124606820700e+00
1.57597549283223e+00
1.49507539613790e+00
1.40890917497703e+00
1.31785816027753e+00
1.22231997155518e+00
1.12270682004254e+00
1.01944376753310e+00
9.12966948159302e-01
8.03721760412722e-01
6.92161036774606e-01
5.78743198355964e-01
4.63930401947260e-01
3.48186686849838e-01
2.31976128804249e-01
1.15761008245325e-01
6.03378458308157e-13
-1.14853608591681e-01
-2.28353664335666e-01
-3.40062852985038e-01
-4.49554355804352e-01
-5.56413451725124e-01
-6.60239059200275e-01
-7.60645212144762e-01
-8.57262464654281e-01
-9.49739219516673e-01
-1.03774297587043e+00
-1.12096149172029e+00
-1.19910385738939e+00
-1.27190147636987e+00
-1.33910895042684e+00
-1.40050486621317e+00
-1.45589248106287e+00
-1.50510030604673e+00
-1.54798258479470e+00
-1.58441966701229e+00
-1.61431827604235e+00
-1.63761167024694e+00
-1.65425969840459e+00
-1.66424874973518e+00
-1.66759159957556e+00
-1.66432715213294e+00
-1.65452008213802e+00
-1.63826037760454e+00
-1.61566278627492e+00
-1.58686616869152e+00
-1.55203276117851e+00
-1.51134735234927e+00
-1.46501637706678e+00
-1.41326693208002e+00
-1.35634571783478e+00
-1.29451791121393e+00
-1.22806597419711e+00
-1.15728840364371e+00
-1.08249842759473e+00
-1.00402265365757e+00
-9.22199675183561e-01
-8.37378641069718e-01
-7.49917795114079e-01
-6.60182990927674e-01
-5.68546188455581e-01
-4.75383938184646e-01
-3.81075859116411e-01
-2.86003116560761e-01
-1.90546905759015e-01
-9.50869472751131e-02
-5.29326582565659e-13
9.43416024967708e-02
1.87571386686066e-01
2.79330139415085e-01
3.69267268621714e-01
4.57042119356839e-01
5.42325240274987e-01
6.24799595982852e-01
7.04161720885620e-01
7.80122810436045e-01
8.52409745970378e-01
9.20766049607234e-01
9.84952765989152e-01
1.04474926796051e+00
1.09995398359847e+00
1.15038504234416e+00
1.19588083831843e+00
1.23630050924809e+00
1.27152432977411e+00
1.30145401826075e+00
1.32601295657282e+00
1.34514632263590e+00
1.35882113594010e+00
1.36702621649009e+00
1.36977205804191e+00
1.36709061679875e+00
1.35903501706215e+00
1.34567917565131e+00
1.32711734720949e+00
1.30346359281188e+00
1.27485117457360e+00
1.24143187922665e+00
1.20337527389239e+00
1.16086789751793e+00
1.11411239167178e+00
1.06332657460434e+00
1.00874246267216e+00
9.50605243400478e-01
8.89172204615930e-01
8.24711624219811e-01
7.57501625292025e-01
6.87829001315669e-01
6.15988016392722e-01
5.42279185381771e-01
4.67008038929292e-01
3.90483878386679e-01
3.13018525605967e-01
2.34925072588282e-01
1.56516635920654e-01
7.81051208792203e-02
4.75702810476264e-13
-7.74928891725022e-02
-1.54072522574516e-01
-2.29443839868856e-01
-3.03318862145954e-01
-3.75417772914260e-01
-4.45469958405014e-01
-5.13215003404280e-01
-5.78403639030840e-01
-6.40798639096250e-01
-7.00175661912633e-01
-7.56324034653674e-01
-8.09047477623640e-01
-8.58164766047177e-01
-9.03510327257889e-01
-9.44934771435290e-01
-9.82305354316496e-01
-1.01550637058978e+00
-1.04443947696085e+00
-1.06902394416813e+00
-1.08919683750941e+00
-1.10491312572781e+00
-1.11614571838887e+00
-1.12288543216184e+00
-1.12514088669547e+00
-1.12293833105109e+00
-1.11632140192242e+00
-1.10535081513075e+00
-1.09010399213629e+00
-1.07067462354877e+00
-1.04717217185389e+00
-1.01972131579456e+00
-9.88461339056815e-01
-9.53545466109734e-01
-9.15140148234561e-01
-8.73424302951150e-01
-8.28588510208631e-01
-7.80834168851391e-01
-7.30372617000749e-01
-6.77424220106546e-01
-6.22217430521052e-01
-5.64987822529765e-01
-5.05977106839720e-01
-4.45432128575599e-01
-3.83603852867310e-01
-3.20746342129632e-01
-2.57115729135188e-01
-1.92969189966449e-01
-1.28563920900929e-01
-6.41561232364250e-02
-4.23605595045728e-13
6.36532315900336e-02
1.26556308144191e-01
1.88466864921928e-01
2.49148353919683e-01
3.08370931804352e-01
3.65912314427308e-01
4.21558594808191e-01
4.75105021646673e-01
5.26356735599224e-01
5.75129460746258e-01
6.21250148872041e-01
6.64557574384624e-01
7.04902877914861e-01
7.42150056851522e-01
7.76176401292550e-01
8.06872874119858e-01
8.34144434135702e-01
8.57910301431711e-01
8.78104164396092e-01
8.94674327999566e-01
9.07583803235093e-01
9.16810337819704e-01
9.22346388497683e-01
9.24199035512176e-01
9.22389840036070e-01
9.16954645571908e-01
9.07943324543805e-01
8.95419471511062e-01
8.79460044632585e-01
8.60154957202721e-01
8.37606621261853e-01
8.11929445458556e-01
7.83249289503570e-01
7.51702877708850e-01
7.17437174246830e-01
6.80608722895498e-01
6.41382954153326e-01
5.99933462714275e-01
5.56441258386640e-01
5.11093993620102e-01
4.64085170872910e-01
4.15613333105287e-01
3.65881240726041e-01
3.15095038346705e-01
2.63463414711485e-01
2.11196759171812e-01
1.58506318061535e-01
1.05603354302859e-01
5.26983135342979e-02
3.75519060291651e-13
-5.22852346211415e-02
-1.03954286354604e-01
-1.54808075012178e-01
-2.04652298316408e-01
-2.53298161255679e-01
-3.00563077988340e-01
-3.46271343740639e-01
-3.90254774282030e-01
-4.32353310708353e-01
-4.72415587418053e-01
-5.10299461328455e-01
-5.45872500547390e-01
-5.79012430889452e-01
-6.09607538805151e-01
-6.37557029474506e-01
-6.62771339003286e-01
-6.85172399849615e-01
-7.04693858800051e-01
-7.21281247006839e-01
-7.34892101791069e-01
-7.45496040109127e-01
-7.53074783771410e-01
-7.57622136691953e-01
-7.59143914634775e-01
-7.57657828106555e-01
-7.53193319225048e-01
-7.45791353567822e-01
-7.35504168175644e-01
-7.22394977048714e-01
-7.06537635631180e-01
-6.88016265929508e-01
-6.66924844052751e-01
-6.43366752097011e-01
-6.17454296422080e-01
-5.89308194484789e-01
-5.59057032500735e-01
-5.26836696303361e-01
-4.92789777856598e-01
-4.57064959954057e-01
-4.19816381704058e-01
-3.81202987455168e-01
-3.41387861861510e-01
-3.00537553820628e-01
-2.58821392039181e-01
-2.16410794993201e-01
-1.73478578050056e-01
-1.30198260508801e-01
-8.67433752942902e-02
-4.32867840085179e-02
-3.28279070593851e-13
4.29474779378840e-02
8.53888187002340e-02
1.27160496349872e-01
1.68102909560825e-01
2.08060980715962e-01
2.46884732456230e-01
2.84429839582573e-01
3.20558154325679e-01
3.55138203119350e-01
3.88045653140361e-01
4.19163747010623e-01
4.48383704195662e-01
4.75605087776369e-01
5.00736135417992e-01
5.23694053510846e-01
5.44405273610621e-01
5.62805670461750e-01
5.78840741044576e-01
5.92465744245202e-01
6.03645800905509e-01
6.12355954169039e-01
6.18581190195834e-01
6.22316419475115e-01
6.23566419118406e-01
6.22345736666716e-01
6.18678556093053e-01
6.12598526825436e-01
6.04148556755014e-01
5.93380570328500e-01
5.80355232953272e-01
5.65141643066834e-01
5.47816993339342e-01
5.28466202588197e-01
5.07181520086916e-01
4.84062104046255e-01
4.59213576133544e-01
4.32747553976135e-01
4.04781163666494e-01
3.75436534349586e-01
3.44840277027576e-01
3.13122949762467e-01
2.80418511493828e-01
2.46863766716361e-01
2.12597803280515e-01
1.77761425588733e-01
1.42496585460322e-01
1.06945812929277e-01
7.12516492219242e-02
3.55560841350353e-02
2.83717493942959e-13
-3.52773756222056e-02
-7.01390064297121e-02
-1.04450571009776e-01
-1.38080971654300e-01
-1.70902826463049e-01
-2.02792942925444e-01
-2.33632771256880e-01
-2.63308835859176e-01
-2.91713143373890e-01
-3.18743565901603e-01
-3.44304198069491e-01
-3.68305686742998e-01
-3.90665532294862e-01
-4.11308360465487e-01
-4.30166163972300e-01
-4.47178513151708e-01
-4.62292735045112e-01
-4.75464060469560e-01
-4.86655738743605e-01
-4.95839119869123e-01
-5.02993704099869e-01
-5.08107158956796e-01
-5.11175303878156e-01
-5.12202062818642e-01
-5.11199385235899e-01
-5.08187136023997e-01
-5.03192955071671e-01
-4.96252087237664e-01
-4.87407183646062e-01
-4.76708075310605e-01
-4.64211520198278e-01
-4.49980924938550e-01
-4.34086042475314e-01
-4.16602647043262e-01
-3.97612187929171e-01
-3.77201423550789e-01
-3.55462037451720e-01
-3.32490237869503e-01
-3.08386342585952e-01
-2.83254350813497e-01
-2.57201503908670e-01
-2.30337836733961e-01
-2.02775721511865e-01
-1.74629406030152e-01
-1.46014548065083e-01
-1.17047747889604e-01
-8.78460807264789e-02
-5.85266309919339e-02
-2.92060301538861e-02
-2.40488184921617e-13
2.89770969226714e-02
5.76126979835365e-02
8.57964705819555e-02
1.13420730092107e-01
1.40380844080194e-01
1.66575621308029e-01
1.91907684106836e-01
2.16283822782048e-01
2.39615330791315e-01
2.61818319523660e-01
2.82814011597410e-01
3.02529011687808e-01
3.20895553991615e-01
3.37851725535223e-01
3.53341664634372e-01
3.67315733917005e-01
3.79730667425845e-01
3.90549691423315e-01
3.99742618628204e-01
4.07285915720421e-01
4.13162744056975e-01
4.17362973648478e-01
4.19883170550628e-01
4.20726557928798e-01
4.19902951155764e-01
4.17428667402253e-01
4.13326410277042e-01
4.07625130167450e-01
4.00359861021855e-01
3.91571534403035e-01
3.81306771724330e-01
3.69617655659558e-01
3.56561481792083e-01
3.42200491638008e-01
3.26601588243142e-01
3.09836035612690e-01
2.91979143286615e-01
2.73109937421901e-01
2.53310819785557e-01
2.32667216098894e-01
2.11267215204336e-01
1.89201200550737e-01
1.66561475511724e-01
1.43441884064097e-01
1.19937428359615e-01
9.61438847237794e-02
7.21574196093777e-02
4.80742070207765e-02
2.39900489072550e-02
2.11150541495897e-13
-2.38020014600262e-02
-4.73234956966197e-02
-7.04738546965978e-02
-9.31646255128671e-02
-1.15309862291408e-01
-1.36826445801695e-01
-1.57634389307288e-01
-1.77657129676548e-01
-1.96821802700333e-01
-2.15059501653918e-01
-2.32305518214085e-01
-2.48499564918923e-01
-2.63585978437078e-01
-2.77513902994693e-01
-2.90237453391677e-01
-3.01715857123962e-01
-3.11913575214642e-01
-3.20800401444033e-01
-3.28351539756361e-01
-3.34547659708668e-01
-3.39374929915216e-01
-3.42825029527895e-01
-3.44895137879490e-01
-3.45587902501845e-01
-3.44911385814664e-01
-3.42878990862514e-01
-3.39509366557352e-01
-3.34826292961169e-01
-3.28858547217953e-01
-3.21639750815724e-01
-3.13208198927780e-01
-3.03606672647120e-01
-2.92882234989150e-01
-2.81086011594962e-01
-2.68272957120581e-01
-2.54501608346296e-01
-2.39833825084527e-01
-2.24334520004372e-01
-2.08071378525937e-01
-1.91114569967727e-01
-1.73536451155605e-01
-1.55411263722101e-01
-1.36814826340140e-01
-1.17824223145471e-01
-9.85174896073085e-02
-7.89732971069005e-02
-5.92706374789275e-02
-3.94885087609937e-02
-1.97056033819059e-02
-1.83755788363271e-13