   1.9889265e+00
   3.2764301e+00
   1.0848037e+00
   2.9176466e+00
   6.3571109e+00
   6.5688973e+00
   7.3722956e+00
   8.1366972e+00
   8.7911824e+00
   9.2276939e+00
   1.1175671e+01
   1.0490379e+01
   1.0576903e+01
   9.2508492e+00
   1.1658971e+01
   1.0879999e+01
   1.2172146e+01
   1.4304023e+01
   1.5571387e+01
   1.2123053e+01
   1.5031402e+01
   1.3561915e+01
   1.5465228e+01
   1.3785032e+01
   1.4064369e+01
   1.2800915e+01
   1.4650667e+01
   1.1760484e+01
   1.2472860e+01
   1.2839391e+01
   1.2561285e+01
   1.3768219e+01
   1.2634005e+01
   1.2433191e+01
   1.1442516e+01
   1.0151744e+01
   9.6830253e+00
   9.2328291e+00
   8.3417530e+00
   9.1786673e+00
   6.6950560e+00
   6.7835639e+00
   5.1920402e+00
   5.5147644e+00
   6.0444360e+00
   3.0993016e+00
   2.2361301e+00
  -9.4580625e-01
   1.4884520e+00
   1.6313431e+00
  -1.1699374e-01
   3.2416412e-02
  -1.9009301e+00
  -4.6555443e+00
  -4.8770083e+00
  -3.8752579e+00
  -4.9851395e+00
  -6.7699188e+00
  -6.8296105e+00
  -7.2451608e+00
  -7.4380843e+00
  -1.0424717e+01
  -8.7300121e+00
  -8.3627478e+00
  -1.1239582e+01
  -1.1209905e+01
  -9.4797750e+00
  -1.2975481e+01
  -1.2417777e+01
  -1.1399533e+01
  -1.2587413e+01
  -1.2039612e+01
  -1.2062453e+01
  -1.2486336e+01
  -1.3229021e+01
  -1.1737805e+01
  -1.1472223e+01
  -1.1340060e+01
  -1.4220126e+01
  -1.2483083e+01
  -1.0089928e+01
  -1.0333220e+01
  -9.1876877e+00
  -8.4496182e+00
  -8.0007538e+00
  -9.5272663e+00
  -8.4984221e+00
  -7.4357268e+00
  -7.2674158e+00
  -8.0816599e+00
  -5.8753793e+00
  -5.1134214e+00
  -4.3829126e+00
  -3.3227165e+00
  -8.4869057e-01
  -3.6761710e+00
  -2.1252635e+00
  -1.7880738e+00
  -8.2043756e-01
   8.5639960e-01
   1.2246748e+00
   1.0419218e+00
   2.3605762e+00
   3.5239465e+00
   3.6548897e+00
   4.0167186e+00
   5.1342103e+00
   4.0510365e+00
   4.8774371e+00
   5.8219211e+00
   5.3845799e+00
   8.5774730e+00
   7.6735543e+00
   7.9633171e+00
   9.4390244e+00
   7.3850172e+00
   1.0305744e+01
   1.0373737e+01
   8.4968696e+00
   1.0636186e+01
   9.4684774e+00
   1.2224222e+01
   9.8916613e+00
   1.0293335e+01
   9.9048335e+00
   1.1435927e+01
   9.2227305e+00
   8.3930375e+00
   1.0091075e+01
   9.7333520e+00
   1.0787836e+01
   7.3214374e+00
   9.8639385e+00
   7.6628162e+00
   7.6123772e+00
   6.2490137e+00
   5.7805592e+00
   6.6236659e+00
   7.0592860e+00
   6.2344076e+00
   4.9925212e+00
   4.6931205e+00
   4.5600483e+00
   3.2816736e+00
   2.3723815e+00
   2.5816378e+00
   8.1938499e-01
   2.5770623e-01
  -1.1647221e+00
   6.6290655e-01
   3.1114938e-01
  -1.0389518e+00
   5.3663371e-01
  -1.0227381e+00
  -2.9952835e+00
  -3.6918378e+00
  -4.6244472e+00
  -2.8044909e+00
  -5.0493500e+00
  -3.5319558e+00
  -5.3348598e+00
  -5.3303710e+00
  -5.4311662e+00
  -7.0325531e+00
  -7.2303442e+00
  -8.6399691e+00
  -7.4317510e+00
  -6.9673390e+00
  -5.3161331e+00
  -7.1978790e+00
  -5.8086691e+00
  -8.8990536e+00
  -8.4562824e+00
  -8.3885509e+00
  -9.6174960e+00
  -7.8876659e+00
  -8.6160951e+00
  -9.9149976e+00
  -7.5285594e+00
  -5.1078322e+00
  -7.2216725e+00
  -5.5071681e+00
  -8.5809872e+00
  -8.1290870e+00
  -5.4871696e+00
  -6.0909503e+00
  -5.8829238e+00
  -6.3586848e+00
  -4.9180508e+00
  -6.7378125e+00
  -4.2696632e+00
  -3.3244104e+00
  -2.5014122e+00
  -2.3454922e+00
  -1.6965849e+00
  -2.9720276e+00
  -3.3888144e+00
  -2.9630082e+00
  -1.4813974e+00
  -8.0291304e-02
   1.8826201e+00
   1.6695138e+00
  -1.0770704e+00
   1.5269933e+00
   3.0190855e+00
   4.6432945e+00
   2.7930199e+00
   3.6775962e+00
   4.1677570e+00
   4.1054145e+00
   3.8055877e+00
   4.9244897e+00
   4.2841173e+00
   5.8624508e+00
   6.9373596e+00
   4.7062880e+00
   5.9450631e+00
   7.0419525e+00
   6.0168147e+00
   9.6614023e+00
   7.1703077e+00
   5.7275562e+00
   5.8359177e+00
   6.9199684e+00
   5.1330365e+00
   4.6735592e+00
   6.1758327e+00
   6.1981952e+00
   6.5086759e+00
   6.4345652e+00
   7.5746538e+00
   6.2636459e+00
   6.3291161e+00
   5.4069063e+00
   6.1142681e+00
   3.9239604e+00
   4.8274326e+00
   7.0372595e+00
   4.3144278e+00
   3.8788894e+00
   1.9636788e+00
   1.7224794e+00
   2.7109108e+00
   2.4965978e+00
   1.4022615e+00
   9.8489137e-01
  -5.8220083e-01
   2.4322751e-01
  -1.7286320e+00
  -7.0735848e-01
  -5.4806063e-01
  -8.3413264e-02
  -3.5593979e-01
   5.8246616e-02
   5.2812051e-01
  -2.7129433e+00
  -3.1407286e+00
  -2.7918313e+00
  -4.1301036e+00
  -2.7278728e+00
  -4.4619408e+00
  -4.5632963e+00
  -3.0456496e+00
  -5.5423102e+00
  -4.8868907e+00
  -3.8320622e+00
  -6.6768284e+00
  -6.8267987e+00
  -4.6430965e+00
  -6.8147523e+00
  -4.9504085e+00
  -6.3614531e+00
  -5.4121713e+00
  -3.3260086e+00
  -3.8671218e+00
  -4.6533399e+00
  -6.4335996e+00
  -5.3311411e+00
  -5.2041907e+00
  -2.8236073e+00
  -4.9899652e+00
  -5.8757006e+00
  -4.4080176e+00
  -4.5862094e+00
  -3.6946702e+00
  -4.5253558e+00
  -3.5567998e+00
  -2.8332263e+00
  -2.9260142e+00
  -3.3260340e+00
  -3.0288846e+00
  -1.0141437e+00
  -2.0727994e+00
  -4.7644745e-01
  -1.0677335e+00
  -1.7112889e+00
   5.0970531e-01
  -1.1595108e+00
   1.8515964e+00
  -2.6392513e+00
   2.1314693e-01
   7.9495614e-01
   1.3679327e+00
   5.7822127e-01
   7.5744062e-01
   2.9221040e+00
   2.8743716e+00
   2.4059817e+00
   5.3643336e-01
   3.7406985e+00
   2.9207281e+00
   4.0596314e+00
   2.8077779e+00
   2.7155335e+00
   3.8037009e+00
   5.3866988e+00
   2.2047769e+00
   5.1022242e+00
   5.4766543e+00
   5.1251583e+00
   3.9895064e+00
   3.3898387e+00
   3.3832138e+00
   4.7948396e+00
   4.0247705e+00
   1.7579968e+00
   5.4632923e+00
   3.7974899e+00
   3.1630617e+00
   3.0324066e+00
   3.6981282e+00
   2.4339806e+00
   5.6852473e+00
   3.1878338e+00
   3.1507492e+00
   1.9254461e+00
   4.2009168e+00
   2.2003990e+00
   4.2573142e+00
   1.4711743e+00
   1.0434533e+00
   1.9959379e+00
   1.7632380e+00
  -3.6863507e-02
   2.6660824e-01
  -1.8196324e+00
   1.3511082e+00
  -1.4113484e-01
  -1.2807857e+00
   1.7223544e+00
  -6.9531086e-01
  -7.8960723e-02
   2.3014582e+00
  -1.7143472e+00
  -1.4694008e+00
  -1.4206043e+00
  -1.9418641e+00
  -1.6061332e+00
  -1.6447133e+00
  -2.3133021e+00
  -1.4817989e+00
  -1.7503732e+00
  -3.6378399e+00
  -2.4163073e+00
  -3.4389488e+00
  -2.8775483e+00
  -2.4513967e+00
  -3.8346315e+00
  -3.1555159e+00
  -4.2313581e+00
  -4.3907030e+00
  -3.1100051e+00
  -3.5589093e+00
  -2.5950081e+00
  -4.5623940e+00
  -1.6035158e+00
  -3.1809421e+00
  -2.2974667e+00
  -2.4270643e+00
  -3.5579327e+00
  -2.1830924e+00
  -4.3585260e+00
  -4.1596751e+00
  -3.7047766e+00
  -2.3485150e+00
  -3.1703586e+00
  -4.0007549e+00
  -1.9537314e+00
  -1.8755943e+00
  -7.2721929e-01
  -2.5700158e+00
  -9.5853743e-01
   3.2149200e-01
  -6.0313760e-01
  -3.3472003e-01
  -2.1447666e-01
   1.2427176e-01
  -1.8826437e-01
  -1.1695389e+00
  -1.5716256e+00
  -3.2216489e-01
   5.3649659e-01
   1.5611959e-01
  -3.4358916e-01
   7.4609070e-01
   8.2957508e-01
  -6.1666602e-01
   1.1788974e+00
   2.3768993e+00
   8.5461646e-01
   4.1902258e+00
   2.2472494e+00
   3.7992146e+00
   1.4774290e+00
   2.8313710e+00
   3.6649041e+00
   2.2701613e+00
   2.7342420e+00
   1.8104284e+00
   2.9898579e+00
   2.9694780e+00
   5.1834100e+00
   3.1222998e+00
   2.1140688e+00
   3.4970626e+00
   4.2521237e+00
   3.9975510e+00
   4.8381092e+00
   2.1640584e+00
   3.7965646e+00
   2.0095862e+00
   2.0839036e+00
   2.0840728e+00
   2.3230987e+00
   1.3687065e+00
   3.6850324e+00
   2.0476547e+00
   2.4240242e+00
   3.1438091e+00
   2.3613703e+00
   1.2762848e+00
   6.2097830e-01
   5.8638792e-01
   7.2341122e-01
   1.2599102e+00
   1.0378541e+00
   1.8260264e+00
   1.9959272e-01
  -3.5281121e-02
  -2.7544291e-01
  -3.3398871e-01
   1.6871487e+00
  -5.8225892e-01
  -3.1063313e+00
  -1.6563510e+00
   1.9649056e-01
  -1.0175772e+00
  -5.1894602e-01
  -2.2364218e+00
  -2.1123226e+00
  -1.8010158e+00
  -1.6324122e+00
  -5.5172887e-01
  -3.6466941e+00
  -9.6450404e-01
  -1.8703574e+00
  -1.2653262e+00
  -3.2744393e+00
  -1.3892100e+00
  -3.2526556e+00
  -1.3968380e+00
  -3.4242123e+00
  -2.5520219e+00
  -2.1089122e+00
  -1.8316263e+00
  -3.5739569e+00
  -4.0791915e+00
  -5.0207573e+00
  -1.9072205e+00
  -2.1530547e+00
  -4.3911872e+00
  -3.2974790e+00
  -2.3226483e+00
  -1.5679127e+00
  -3.6541276e+00
  -3.9192797e+00
  -2.9746410e+00
  -7.4025531e-01
  -3.7958230e-01
   7.5447146e-02
  -1.7758787e+00
   3.6785789e-01
  -1.7674905e+00
  -9.4893945e-01
  -1.6677330e+00
  -1.3815213e+00
  -1.2173257e+00
  -1.1943644e+00
  -1.2694814e+00
   1.6861227e+00
  -2.3325528e+00
   7.6657692e-01
   1.9352037e+00
   1.9378468e+00
  -1.5452132e+00
  -7.6039914e-03
  -2.2232237e-01
  -8.1283122e-01
   6.1942630e-01
   9.7935292e-01
   1.4621147e+00
   9.2066312e-01
   1.2821561e+00
   2.2082317e-01
   2.0007827e+00
   2.5512785e+00
   2.7595003e+00
   2.1386242e+00
   1.8705226e+00
   9.5550568e-01
   1.3995758e+00
   1.1898826e+00
   1.1275937e+00
   3.1485658e+00
   4.4592012e+00
   2.3033172e+00
   1.4640656e+00
   1.6920084e+00
   1.2122090e+00
   1.8777604e+00
   1.8185919e+00
   2.5394427e+00
   1.1980763e-01
   1.3695570e+00
   2.6648831e+00
   1.9596595e+00
   1.9129149e+00
  -1.1683857e-01
   5.2809464e-03
   1.0493261e+00
   1.9887995e+00
   1.9678508e+00
  -1.0523785e-01
   1.2106348e+00
   1.1205408e-01
   4.6276252e-01
   2.7265132e+00
   6.4100610e-02
   4.0046711e-01
  -1.1272268e+00
   7.9568148e-01
  -1.5990971e+00
  -1.5290988e+00
   3.2520736e-01
  -1.2496645e+00
  -1.1856693e+00
  -3.4951722e-01
  -1.6445370e+00
  -2.3267244e+00
  -1.6965432e+00
  -1.0432137e+00
  -2.6392442e+00
  -1.9153533e+00
  -1.2148351e+00
  -9.2991177e-01
  -3.3452280e+00
  -2.3470950e+00
  -3.1272642e+00
  -3.0296599e+00
  -2.3600838e+00
   1.1065578e+00
  -1.4722685e+00
  -2.6619633e+00
  -2.3847827e+00
  -1.4206262e+00
  -2.9551776e+00
  -3.4634569e+00
  -1.5365235e+00
  -1.4292576e+00
  -1.3422234e+00
  -3.0087389e+00
  -6.7037611e-01
  -1.5212886e+00
  -1.1385277e+00
  -6.4833760e-01
  -1.9898401e+00
  -7.0186362e-01
  -4.8214378e-01
   7.8985099e-01
  -1.1503184e+00
   2.6999299e-02
  -4.2920361e-01
  -5.5721527e-01
   2.2457377e-01
  -1.7106667e+00
  -1.2034413e+00
   2.2661348e-01
  -6.6624066e-01
  -1.9664890e+00
  -3.3102443e-01
  -9.4051894e-01
   6.2000368e-01
  -6.1536486e-02
   8.9747742e-01
   1.0056570e+00
   2.3800065e+00
   2.4903003e-02
   1.2646152e-01
   1.3620260e+00
   3.2341505e-01
   1.0242732e+00
   1.2286938e+00
   3.0195969e+00
   5.0162320e-02
  -1.1094316e+00
   1.4180072e+00
   1.5520867e+00
  -2.2069466e-01
   2.3490895e+00
   2.3646612e+00
   3.2458047e+00
   1.6850932e+00
   2.2004301e+00
   1.1429823e+00
   1.6202479e+00
   1.1367866e-01
   5.0661682e-01
   2.4206984e+00
   1.8590645e+00
   1.5189506e+00
   1.4223708e+00
   2.5705796e+00
   1.9596137e+00
   2.7316248e-01
   1.4745538e+00
  -8.8524024e-01
   1.3687173e+00
  -2.9488799e-01
   8.5223635e-02
   6.9720336e-01
   2.5488178e-01
   1.6975207e+00
   5.6940837e-01
   1.8639730e+00
   1.5226024e+00
   1.3572585e+00
   2.0223328e+00
  -6.0722366e-02
   1.2013478e+00
   6.5296800e-01
  -3.0024154e-01
  -1.1539756e+00
  -2.1318683e+00
  -1.0910440e-01
  -6.4547707e-02
  -6.5632578e-01
  -1.1698113e+00
  -2.1638239e-02
   4.0456600e-01
  -3.2618399e-01
  -7.8312381e-01
  -4.9929647e-01
  -1.1883422e+00
  -7.8064095e-01
  -1.7023423e+00
  -1.1897304e-01
  -8.0145681e-01
  -1.2418926e+00
  -1.4562554e+00
  -1.4562390e+00
  -2.7252278e+00
  -1.4264604e+00
  -2.8738290e+00
  -1.8551045e+00
  -2.3645828e-02
  -1.8581845e+00
  -6.3841028e-01
  -2.2208266e+00
  -2.8276048e+00
  -1.3012580e+00
  -3.1308079e+00
  -1.0978814e+00
  -1.0811738e+00
  -1.3724073e+00
  -7.6255452e-01
  -1.0546310e+00
  -2.4165373e+00
  -1.7560128e+00
  -6.5846471e-01
  -2.3390304e+00
  -6.0536980e-01
  -2.0854430e+00
  -1.1743163e+00
   1.0289667e+00
   4.0826286e-01
  -2.2506953e+00
   1.5631274e+00
  -6.4625371e-01
   1.9046350e+00
  -4.0299938e-01
   6.4631970e-01
   1.1904324e+00
   1.1593041e+00
  -1.5298164e+00
   1.6812799e+00
   5.2254426e-01
  -1.1513583e+00
   1.3577570e+00
   6.0677370e-01
   5.1177759e-01
  -2.1491814e+00
   1.1851411e+00
  -7.8386727e-01
  -5.5799097e-01
   2.7968391e-01
   2.4404312e+00
   3.1298780e+00
  -1.2676998e+00
   1.4635724e-01
  -4.5906455e-01
   5.1215198e-02
   1.9045497e+00
   1.6671533e+00
   1.3872061e-01
   1.4504513e+00
   5.8179567e-01
   9.1797705e-02
  -2.9416112e-01
   1.7996688e+00
   3.6207711e-01
   1.0608699e+00
   1.0875748e+00
  -2.6078024e-01
   3.2593360e-01
   5.4796545e-01
   1.2824686e+00
   2.8649363e+00
   4.8006191e-01
   4.7438819e-01
   1.0655637e+00
   2.1241030e+00
   7.9210106e-01
   2.1401961e+00
  -9.4706336e-01
  -5.9432006e-01
  -4.8262414e-01
   2.9595086e-01
  -5.4607498e-01
   8.7528397e-01
   3.5036597e-01
   5.8361303e-01
   5.2703053e-01
   1.6044719e-01
  -1.4226846e+00
  -1.4735092e+00
   8.3700792e-01
  -1.8818083e-01
   6.4982188e-01
  -2.0787272e+00
  -1.5616922e+00
  -3.7011660e-01
  -8.7403939e-03
  -2.2042649e+00
  -2.2727764e+00
  -9.1610070e-01
   8.3123947e-01
  -7.1508209e-01
  -1.4498318e+00
  -9.9109213e-01
   2.9295750e-01
  -1.3432630e+00
   1.0803520e+00
  -1.2663035e+00
  -2.2963600e-01
  -1.9795084e+00
  -1.1210505e+00
   8.1671928e-01
   3.4071009e-01
  -1.8233768e+00
  -4.9201444e-01
  -1.7522544e+00
  -1.0661752e+00
  -5.9799676e-01
  -4.8640862e-01
  -2.6715698e+00
  -1.3158467e-01
  -4.0350645e-01
  -8.4053111e-01
  -1.5725985e+00
  -3.6945480e-01
  -1.5179712e+00
  -2.4317358e+00
   1.0254410e+00
  -3.3124029e-01
  -1.1620013e+00
   5.8228468e-01
   2.5909047e-01
  -1.4927265e+00
  -9.8756919e-01
  -6.8738600e-01
  -9.1214347e-01
   7.5446823e-01
   1.3261259e+00
   1.4745913e+00
   2.8843116e+00
   1.7699890e+00
   2.0234339e+00
   2.1449979e+00
  -6.8215211e-01
  -1.4229940e+00
   1.0372197e+00
  -1.0079549e+00
   2.7247007e-01
   9.8080040e-01
  -2.8131378e-01
   2.4559012e+00
   1.7928166e+00
   2.1894956e+00
   1.9537700e+00
   1.2066509e-01
   2.9511030e+00
   1.2962475e+00
   9.9621612e-01
   4.0655702e-01
   1.6411908e+00
   1.3550849e+00
   1.9215407e-01
   1.2664430e+00
   2.5841080e-01
   1.9693631e-01
  -9.5930952e-01
   1.1361939e+00
   1.7023202e+00
   8.0145809e-01
   1.1063321e+00
   6.0491043e-01
   6.6371255e-01
  -2.4779818e+00
   8.2953504e-01
   1.6279131e-01
   1.0829296e+00
   1.5197303e+00
   1.3640241e+00
  -5.2145432e-01
   6.6442956e-01
  -1.1206673e-02
   2.0519402e+00
   1.3765554e+00
  -2.3919659e-01
  -3.4802685e-01
  -5.2733380e-01
   6.2782841e-02
  -1.5304401e+00
  -1.7240979e+00
  -5.1151888e-01
   1.6922494e+00
  -1.2369319e+00
  -6.7059398e-01
   1.1875596e+00
  -4.3790539e-03
   2.6278135e-01
   5.3562332e-01
   9.9648318e-01
  -7.0488226e-01
  -1.9319626e+00
  -2.4940972e+00
  -1.9293824e+00
  -4.6209827e-01
  -1.1000419e+00
  -1.2480743e+00
  -3.8096763e-01
   2.0786442e-01
  -1.1882938e+00
  -1.2264337e+00
  -1.0266401e+00
  -6.7265749e-01
  -1.1940836e-02
  -4.0082470e-01
  -9.9727678e-01
  -1.7571484e+00
   6.5738256e-02
  -4.7868566e-01
  -3.6991804e-01
   8.4468179e-01
   2.1458251e-01
  -1.3397106e+00
   1.3476218e+00
  -4.2308450e-01
  -1.0451446e+00
  -2.1548582e-01
  -5.0618429e-01
   3.4606286e-02
  -3.2801943e-01
  -9.9499676e-01
  -1.4159774e+00
  -3.7273466e-01
   1.2788153e+00
   1.5705671e+00
   1.2384942e+00
   5.6077566e-01
   4.7011224e-02
   1.0684191e+00
  -1.0980352e-01
  -2.9101165e-01
  -1.6649903e-01
  -6.6262896e-01
   1.2497412e+00
  -2.1179177e+00
   3.5968781e-01
   5.5602683e-01
   3.1746922e-01
   2.1426854e+00
   7.0932236e-01
   1.3458919e+00
  -1.0428525e+00
  -1.5178448e-01
  -4.8883778e-01
   5.4010133e-01
   1.5259661e+00
   1.4414670e+00
   3.9470731e-01
   1.3490800e+00
   1.3368126e+00
  -4.5589363e-02
  -9.0301778e-01
   2.5353661e+00
  -9.7240313e-01
   1.8155471e-01
  -3.0717856e-01
   1.9686043e+00
   7.6107317e-01
  -5.8443128e-01
   1.7172228e+00
  -5.1597179e-01
   9.2912368e-01
  -1.6392327e+00
   5.6201567e-01
  -5.6971909e-01
  -5.9184007e-01
   2.1029983e+00
  -1.6710944e+00
   1.6796201e+00
  -3.1553816e-01
   1.3122124e+00
  -9.7014075e-01
   2.9696114e-01
  -1.5295200e+00
  -4.2408346e-01
  -1.4671374e-01
   1.1239366e-01
   7.0222471e-02
   1.0843396e+00
   7.9981073e-01
   7.6515048e-01
  -5.6082050e-01
   5.2197554e-01
  -1.4714616e+00
   2.3678988e-01
   2.1150001e-02
  -1.2135857e-01
  -5.8483143e-01
  -1.5175124e+00
  -7.9675883e-01
  -5.0819416e-02
  -6.2907334e-01
   3.6260693e-01
  -1.3701664e+00
  -1.3877203e+00
   4.3939895e-03
  -2.6937022e-01
  -1.3704587e+00
  -8.9097483e-01
   4.6445854e-01
   1.4531611e+00
  -1.0580425e+00
   1.3551911e+00
  -1.0724735e+00
   8.2623850e-01
  -3.6356995e-01
  -1.4841206e+00
  -5.4120074e-01
   1.0954980e+00
   8.7290134e-01
   6.0315631e-01
  -3.3963554e-01
   1.5682981e+00
   2.0946265e-01
   9.8716411e-01
   9.8174027e-02
  -1.5308121e+00
  -4.3373142e-01
  -6.8425268e-01
  -2.8268356e-01
  -1.1699168e+00
  -1.5693556e+00
   1.6813870e+00
  -5.4487153e-01
  -1.4670575e+00
  -1.2503599e-01
  -1.2195793e+00